419039093524866021 5253480278082363392
129512260564226652 13124866128201383936
749069362794463437 1232252044832186368
335140905473764197 14871695962828439552
335574193081417235 10650717383824457728
256966611085784470 7817403002779959296
788172764199840145 5481958494201839616
964226096677086814 5756354812978974720
75846918916011634 3688607283484295168
846608871809048473 4253718553447359808
218703394089169872 8196101361308802880
499013370692702107 1846328187118682112
945012864030497780 7768503082148691968
19502795608119922 17475123775309332480
109309650614386697 5731122308704003712
455169381196390377 8505588835330692002
382060665718823014 10367968462000619520
991515285034548022 5762003957672520380
694955152716075095 9606573056292028416
784309398688803593 9316358259134693376
139655098495424036 1783217031878017024
460276414731333146 9975190514690949120
69316359781098132 2199409486861434880
804346961375328652 8051030820439195648
402975832422002478 6777181155091152896
742590227786291609 1974932880912147277
1208462624441848 16013984677819842560
51168125059044772 8116719871330353151
929563989532142684 212405186500921600
276624970662116728 13317267436710395904
266852951274819606 7308905345671168000
485870317150999840 11966129992063801344
609992127017103343 5519573816147029760
366828048311940032 2386754815771279360
735390599405822397 18301429462144450560
95456812816183194 7196581779833094144
496099120990257678 1456528131174297936
640864335947465031 9339274452638648448
946781867878999462 12570039778120302592
333748393004210653 13753056054296900864
841709238117981116 6184007288911560704
789079934945951395 10512370723316072448
886656151836613348 16483705204223508480
594464156819792349 15008800528433938432
869721049525515399 7826697540430957360
420908831683767374 13527922726904529168
305387935205720779 17864174920631320576
737481728539219474 8273258489095127040
904350040485185493 16096235376292970496
762734017514446383 2948572329451454464
725857737885243305 13931915872785399808
870452166195405054 14310294361223462912
926823472953286272 4118453577117073408
479271339778015133 7242270112502438400
581754946937570551 13965509329168138240
432591374554499103 5894715894748296192
710856070764706301 13619125978106691584
301403928406009131 6030266247160004608
204406966792247251 14305335043993407488
148567668923502407 14801270184706310144
492369546879655204 2161754450586410168
414535906265309725 17347344655712256000
751055965195743066 11472746865968021504
83688570794639996 5328798925300170752
214720901554107603 11661058181345306624
715917706375823303 10635904883700498432
646555488927200753 5797261115931263133
872802759508878029 15551643886630731776
171646073839858716 8546590612034420736
695076175609310027 17939441421819346816
877972691643807577 32973253714761536
550881926790469596 14615008417420031024
780883385074613093 5208897595304312832
716570344611606290 5176580041879257088
532890293218718689 5135002756768584384
71071369011023634 7358546950200231800
441019070814670325 6891596181668901269
362106324076817263 6669060028491628545
174420813453635649 15438673172462829568
125529397384125327 7581700810262708224
190794716479498585 9657169680132997120
861091775888149933 11942476880893968384
862633121306157000 4274744957882859520
402269847520941040 11890917606686720
996191617875277478 12197551110348603392
374798632869251072 16108188243685539840
247590527292312805 3858717815305618432
174095638187604635 4137925613572849664
380993258275196171 12311526125789249536
763804216531940678 11488916199449296896
639999400553165313 1981606515406733312
80647357003050471 2206418746080231424
882352911550804187 316527982324249929
95364623845355664 4425153587307347968
413263032078564973 3803940977817681920
328457983191576238 10286860838186778624
507383938963953011 1205976210190893056
736679251241197382 17828010906227408896
111032714677491468 8059636854560784384
114201152382051745 7250045961327476736